b = [ 
-0
0.30801561417981
15.755598433076
-0
-1.6146998205441e-06
-8.2595039963141e-05
-0
-4.1860953509755e-06
-0.0002141269283642
-0
-1.0852416074186e-05
-0.00055512221401126
-0
-2.8134795023197e-05
-0.0014391495494888
-0
-7.2939213313076e-05
-0.0037309827881467
-0
-0.00018909428109727
-0.0096725406823711
-0
-0.00049022529198683
-0.025075978251456
-0
-0.0012709048391577
-0.065009257227892
-0
-0.0032948098284532
-0.16853593837667
-0
-0.0085417660482483
-0.43692796588851
-0
-0.022144454770326
-1.1327319811683
-0
-0.057409307900158
-2.9365978864554
-0
-0.14883313532703
-7.6131046797498
-0
-0.38584861900438
-19.736908186223
-0
-1.000309215152
-51.167764156397
-0
-2.5932930082786
-132.6519870317
-0
-6.7230897455689
-343.89913168128
-0
-17.429552149596
-891.55553126302
-0
-45.185963542388
-2311.3500212683
-0
0.27988869715509
14.31685185855
-0
7.2661882959216e-10
3.7167968005322e-08
-0
1.8837530454846e-09
9.6357636318991e-08
-0
4.8836135148989e-09
2.4980634065561e-07
-0
1.266072589503e-08
6.476207824839e-07
-0
3.2822822629004e-08
1.6789512900517e-06
-0
8.5092884427075e-08
4.3526667312388e-06
-0
2.2060256858226e-07
1.128425094013e-05
-0
5.7191025539492e-07
2.9254323186678e-05
-0
1.4826724019125e-06
7.5841580416069e-05
-0
3.8438154074671e-06
0.00019661864276621
-0
9.9650582743027e-06
0.00050973213468453
-0
2.5834327584295e-05
0.0013214761605198
-0
6.6975271329373e-05
0.0034259155426781
-0
0.00017363281296889
0.0088816564810372
-0
0.00045014156928502
0.023025617784242
-0
0.0011669881339529
0.059693715410049
-0
0.0030254066669428
0.15475544208311
-0
0.0078433406768283
0.40120214816397
-0
0.020333793021734
1.0401131070066
-0
0.2517864719351
12.879368317914
-0
7.2596515949451e-10
3.7134531506743e-08
-0
1.8820584113868e-09
9.6270952485268e-08
-0
4.8792201905987e-09
2.4958161356278e-07
-0
1.2649336239698e-08
6.4703817943823e-07
-0
3.279329504626e-08
1.6774408966927e-06
-0
8.5016334422676e-08
4.34875104946e-06
-0
2.2040411335605e-07
1.1274099568886e-05
-0
5.713957619332e-07
2.9228005844373e-05
-0
1.4813385820454e-06
7.5773352933517e-05
-0
3.8403574910001e-06
0.00019644176360645
-0
9.956093655672e-06
0.00050927357698605
-0
2.5811086887928e-05
0.0013202873536464
-0
6.6915020024538e-05
0.0034228335711362
-0
0.00017347661198119
0.0088736664963847
-0
0.0004497366195757
0.023004903818048
-0
0.00116593830532
0.059640014631213
-0
0.0030226849952655
0.15461622327757
-0
0.007836284766455
0.40084122461212
-0
0.020315500635206
1.0391774158161
-0
0.2237095274775
11.443177937502
-0
7.2531238240676e-10
3.7101140688313e-08
-0
1.8803660924402e-09
9.6184387076131e-08
-0
4.8748328683603e-09
2.493571934865e-07
-0
1.2637962144618e-08
6.4645637233227e-07
-0
3.2763807802775e-08
1.6759325667734e-06
-0
8.49398889989e-08
4.3448407171798e-06
-0
2.2020592925498e-07
1.1263962066216e-05
-0
5.7088197136235e-07
2.9201724456196e-05
-0
1.4800065844187e-06
7.5705218661071e-05
-0
3.836904298643e-06
0.0001962651260925
-0
9.9471412843e-06
0.00050881564576066
-0
2.5787877942385e-05
0.0013191001708925
-0
6.6854851033193e-05
0.0034197558100715
-0
0.00017332062439124
0.0088656874274022
-0
0.0004493322230914
0.022984218150611
-0
0.0011648899109318
0.059586387216768
-0
0.0030199670418511
0.15447719466874
-0
0.0078292384957024
0.40048079414282
-0
0.020297233239035
1.0382430029349
-0
0.19565782968378
10.008278973108
-0
7.2466047405632e-10
3.70677943058e-08
-0
1.8786760256389e-09
9.6097936867594e-08
-0
4.8704513847404e-09
2.4913307206803e-07
-0
1.2626603186194e-08
6.4587533948196e-07
-0
3.2734359800904e-08
1.6744262441373e-06
-0
8.4863545308416e-08
4.3409355887369e-06
-0
2.2000800889606e-07
1.125383805442e-05
-0
5.7036886454143e-07
2.9175478043042e-05
-0
1.478676359426e-06
7.5637175061427e-05
-0
3.8334557017905e-06
0.00019608872364918
-0
9.938200826759e-06
0.00050835832394291
-0
2.5764699883246e-05
0.0013179145680269
-0
6.679476211513e-05
0.0034166821448878
-0
0.00017316484438856
0.008857718976941
-0
0.00044892836478105
0.022963560011419
-0
0.0011638429117369
0.05953283116969
-0
0.0030172527055043
0.15433835107842
-0
0.0078222016020959
0.40012084333466
-0
0.020278990153031
1.0373098335658
-0
0.16763134451672
8.5746696836619
-0
7.2400944796355e-10
3.7034493054178e-08
-0
1.8769882461248e-09
9.601160365965e-08
-0
4.8660758309338e-09
2.489092539729e-07
-0
1.2615259600726e-08
6.4529509300089e-07
-0
3.2704951653546e-08
1.6729219601344e-06
-0
8.478730493958e-08
4.3370357454553e-06
-0
2.1981035639839e-07
1.1243727744359e-05
-0
5.6985645214593e-07
2.9149267151252e-05
-0
1.4773479347051e-06
7.5569223551009e-05
-0
3.8300117722045e-06
0.00019591255994378
-0
9.9292724689559e-06
0.0005079016210594
-0
2.5741553192682e-05
0.0013167305697444
-0
6.6734754519571e-05
0.0034136126395481
-0
0.00017300927521635
0.0088497613108132
-0
0.00044852505304327
0.022942929830833
-0
0.0011627973295383
0.05947934760411
-0
0.0030145420426635
0.15419969539607
-0
0.0078151742321495
0.39976137967369
-0
0.020260771757023
1.0363779271283
-0
0.13963003800024
7.1423483312204
-0
7.2335929879551e-10
3.7001236658277e-08
-0
1.87530274002e-09
9.5925386740846e-08
-0
4.861706170891e-09
2.4868573735275e-07
-0
1.2603931294703e-08
6.4471562809428e-07
-0
3.2675583118056e-08
1.6714197023718e-06
-0
8.4711167265073e-08
4.3331411551523e-06
-0
2.1961297013307e-07
1.1233631052598e-05
-0
5.69344729957e-07
2.9123091565109e-05
-0
1.4760212993514e-06
7.5501363569819e-05
-0
3.8265724814773e-06
0.00019573663352768
-0
9.9203561374772e-06
0.00050744553334425
-0
2.57184376804e-05
0.001315548166275
-0
6.6674827753355e-05
0.0034105472687571
-0
0.0001728539155903
0.0088418143635351
-0
0.00044812228455449
0.02292232743838
-0
0.0011617531557135
0.059425936079606
-0
0.0030118350310104
0.15406122648074
-0
0.0078081563277976
0.39940240020587
-0
0.020242577900603
1.0354472759536
-0
0.11165387621929
5.711313180963
-0
7.2271002119896e-10
3.6968024844661e-08
-0
1.8736194934535e-09
9.5839285400162e-08
-0
4.8573423686569e-09
2.4846252037053e-07
-0
1.2592618175208e-08
6.4413693999683e-07
-0
3.26462539532e-08
1.6699194584635e-06
-0
8.4635131658226e-08
4.3292517857701e-06
-0
2.19415848479e-07
1.1223547896039e-05
-0
5.6883369376794e-07
2.9096951068786e-05
-0
1.4746964424293e-06
7.5433594558305e-05
-0
3.8231378013676e-06
0.00019556094295092
-0
9.9114517589094e-06
0.00050699005704047
-0
2.5695353155664e-05
0.0013143673478915
-0
6.6614981322655e-05
0.0034074860072906
-0
0.00017269876423587
0.0088338780695665
-0
0.00044772005600713
0.022901752664836
-0
0.0011607103816687
0.059372596156663
-0
0.0030091316483194
0.15392294319008
-0
0.0078011478314295
0.39904390196807
-0
0.020224408434387
1.0345178723692
-0
0.083702825319701
4.281562501183
-0
7.2206162870272e-10
3.6934858306027e-08
-0
1.871938541506e-09
9.5753301434989e-08
-0
4.8529845152775e-09
2.4823960768309e-07
-0
1.258132047773e-08
6.435590407753e-07
-0
3.261696477025e-08
1.6684212597179e-06
-0
8.4559199703925e-08
4.3253677184801e-06
-0
2.1921899554401e-07
1.1213478485095e-05
-0
5.6832335423168e-07
2.9070846207735e-05
-0
1.4733733915938e-06
7.5365917931558e-05
-0
3.8197078034846e-06
0.00019538549187992
-0
9.902559518965e-06
0.00050653520164978
-0
2.5672300100421e-05
0.0013131881392177
-0
6.6555216475139e-05
0.0034044289189978
-0
0.00017254382438558
0.008825952594492
-0
0.00044731837577849
0.0228812059392
-0
0.0011596690291498
0.059319328947822
-0
0.003006431950908
0.15378484841085
-0
0.0077941488892179
0.3986858924427
-0
0.020206263736895
1.0335897357691
-0
0.055776851508046
2.853094563281
-0
7.2141409707825e-10
3.6901735802372e-08
-0
1.8702598213413e-09
9.5667431630015e-08
-0
4.8486324477295e-09
2.4801699095509e-07
-0
1.2570037780297e-08
6.4298190882717e-07
-0
3.258771447438e-08
1.666925050138e-06
-0
8.448336856438e-08
4.3214888080095e-06
-0
2.1902240396766e-07
1.1203422443207e-05
-0
5.6781369227148e-07
2.904477600596e-05
-0
1.47205209736e-06
7.5298331158269e-05
-0
3.8162823595561e-06
0.00019521027375369
-0
9.8936790851878e-06
0.00050608095017068
-0
2.5649277652584e-05
0.001312010496175
-0
6.649553097815e-05
0.0034013758895668
-0
