ia = [ 
1
7
16
25
33
45
57
65
77
89
97
109
121
129
141
153
161
173
185
193
205
217
225
237
249
257
269
281
289
301
313
321
333
345
353
365
377
385
397
409
417
429
441
449
461
473
481
493
505
513
525
537
545
557
569
577
589
601
607
616
625
633
645
657
667
682
697
707
722
737
747
762
777
787
802
817
827
842
857
867
882
897
907
922
937
947
962
977
987
1002
1017
1027
1042
1057
1067
1082
1097
1107
1122
1137
1147
1162
1177
1187
1202
1217
1227
1242
1257
1267
1282
1297
1307
1322
1337
1347
1362
1377
1385
1397
1409
1417
1429
1441
1451
1466
1481
1491
1506
1521
1531
1546
1561
1571
1586
1601
1611
1626
1641
1651
1666
1681
1691
1706
1721
1731
1746
1761
1771
1786
1801
1811
1826
1841
1851
1866
1881
1891
1906
1921
1931
1946
1961
1971
1986
2001
2011
2026
2041
2051
2066
2081
2091
2106
2121
2131
2146
2161
2169
2181
2193
2201
2213
2225
2235
2250
2265
2275
2290
2305
2315
2330
2345
2355
2370
2385
2395
2410
2425
2435
2450
2465
2475
2490
2505
2515
2530
2545
2555
2570
2585
2595
2610
2625
2635
2650
2665
2675
2690
2705
2715
2730
2745
2755
2770
2785
2795
2810
2825
2835
2850
2865
2875
2890
2905
2915
2930
2945
2953
2965
2977
2985
2997
3009
3019
3034
3049
3059
3074
3089
3099
3114
3129
3139
3154
3169
3179
3194
3209
3219
3234
3249
3259
3274
3289
3299
3314
3329
3339
3354
3369
3379
3394
3409
3419
3434
3449
3459
3474
3489
3499
3514
3529
3539
3554
3569
3579
3594
3609
3619
3634
3649
3659
3674
3689
3699
3714
3729
3737
3749
3761
3769
3781
3793
3803
3818
3833
3843
3858
3873
3883
3898
3913
3923
3938
3953
3963
3978
3993
4003
4018
4033
4043
4058
4073
4083
4098
4113
4123
4138
4153
4163
4178
4193
4203
4218
4233
4243
4258
4273
4283
4298
4313
4323
4338
4353
4363
4378
4393
4403
4418
4433
4443
4458
4473
4483
4498
4513
4521
4533
4545
4553
4565
4577
4587
4602
4617
4627
4642
4657
4667
4682
4697
4707
4722
4737
4747
4762
4777
4787
4802
4817
4827
4842
4857
4867
4882
4897
4907
4922
4937
4947
4962
4977
4987
5002
5017
5027
5042
5057
5067
5082
5097
5107
5122
5137
5147
5162
5177
5187
5202
5217
5227
5242
5257
5267
5282
5297
5305
5317
5329
5337
5349
5361
5371
5386
5401
5411
5426
5441
5451
5466
5481
5491
5506
5521
5531
5546
5561
5571
5586
5601
5611
5626
5641
5651
5666
5681
5691
5706
5721
5731
5746
5761
5771
5786
5801
5811
5826
5841
5851
5866
5881
5891
5906
5921
5931
5946
5961
5971
5986
6001
6011
6026
6041
6051
6066
6081
6089
6101
6113
6121
6133
6145
6155
6170
6185
6195
6210
6225
6235
6250
6265
6275
6290
6305
6315
6330
6345
6355
6370
6385
6395
6410
6425
6435
6450
6465
6475
6490
6505
6515
6530
6545
6555
6570
6585
6595
6610
6625
6635
6650
6665
6675
6690
6705
6715
6730
6745
6755
6770
6785
6795
6810
6825
6835
6850
6865
6873
6885
6897
6905
6917
6929
6939
6954
6969
6979
6994
7009
7019
7034
7049
7059
7074
7089
7099
7114
7129
7139
7154
7169
7179
7194
7209
7219
7234
7249
7259
7274
7289
7299
7314
7329
7339
7354
7369
7379
7394
7409
7419
7434
7449
7459
7474
7489
7499
7514
7529
7539
7554
7569
7579
7594
7609
7619
7634
7649
7657
7669
7681
7689
7701
7713
7723
7738
7753
7763
7778
7793
7803
7818
7833
7843
7858
7873
7883
7898
7913
7923
7938
7953
7963
7978
7993
8003
8018
8033
8043
8058
8073
8083
8098
8113
8123
8138
8153
8163
8178
8193
8203
8218
8233
8243
8258
8273
8283
8298
8313
8323
8338
8353
8363
8378
8393
8403
8418
8433
8441
8453
8465
8473
8485
8497
8507
8522
8537
8547
8562
8577
8587
8602
8617
8627
8642
8657
8667
8682
8697
8707
8722
8737
8747
8762
8777
8787
8802
8817
8827
8842
8857
8867
8882
8897
8907
8922
8937
8947
8962
8977
8987
9002
9017
9027
9042
9057
9067
9082
9097
9107
9122
9137
9147
9162
9177
9187
9202
9217
9225
9237
9249
9257
9269
9281
9291
9306
9321
9331
9346
9361
9371
9386
9401
9411
9426
9441
9451
9466
9481
9491
9506
9521
9531
9546
9561
9571
9586
9601
9611
9626
9641
9651
9666
9681
9691
9706
9721
9731
9746
9761
9771
9786
9801
9811
9826
9841
9851
9866
9881
9891
9906
9921
9931
9946
9961
9971
9986
10001
10009
10021
10033
10041
10053
10065
10075
10090
10105
10115
10130
10145
10155
10170
10185
10195
10210
10225
10235
10250
10265
10275
10290
10305
10315
10330
10345
10355
10370
10385
10395
10410
10425
10435
10450
10465
10475
10490
10505
10515
10530
10545
10555
10570
10585
10595
10610
10625
10635
10650
10665
10675
10690
10705
10715
10730
10745
10755
10770
10785
10793
10805
10817
10825
10837
10849
10859
10874
10889
10899
10914
10929
10939
10954
10969
10979
10994
11009
11019
11034
11049
11059
11074
11089
11099
11114
11129
11139
11154
11169
11179
11194
11209
11219
11234
11249
11259
11274
11289
11299
11314
11329
11339
11354
11369
11379
11394
11409
11419
11434
11449
11459
11474
11489
11499
11514
11529
11539
11554
11569
11577
11589
11601
11609
11621
11633
11643
11658
11673
11683
11698
11713
11723
11738
11753
11763
11778
11793
11803
11818
11833
11843
11858
11873
11883
11898
11913
11923
11938
11953
11963
11978
11993
12003
12018
12033
12043
12058
12073
12083
12098
12113
12123
12138
12153
12163
12178
12193
12203
12218
12233
12243
12258
12273
12283
12298
12313
12323
12338
12353
12361
12373
12385
12393
12405
12417
12427
12442
12457
12467
12482
12497
12507
12522
12537
12547
12562
12577
12587
12602
12617
12627
12642
12657
12667
12682
12697
12707
12722
12737
12747
12762
12777
12787
12802
12817
12827
12842
12857
12867
12882
12897
12907
12922
12937
12947
12962
12977
12987
13002
13017
13027
13042
13057
13067
13082
13097
13107
13122
13137
13145
13157
13169
13177
13189
13201
13211
13226
13241
13251
13266
13281
13291
13306
13321
13331
13346
13361
13371
13386
13401
13411
13426
13441
13451
13466
13481
13491
13506
13521
13531
13546
13561
13571
13586
13601
13611
13626
13641
13651
13666
13681
13691
13706
13721
13731
13746
13761
13771
13786
13801
13811
13826
13841
13851
13866
13881
13891
13906
13921
13929
13941
13953
13961
13973
13985
13995
14010
14025
14035
14050
14065
14075
14090
14105
14115
14130
14145
14155
14170
14185
14195
14210
14225
14235
14250
14265
14275
14290
14305
14315
14330
14345
14355
14370
14385
14395
14410
14425
14435
14450
14465
14475
14490
14505
14515
14530
14545
14555
14570
14585
14595
14610
14625
14635
14650
14665
14675
14690
14705
14713
14725
14737
14745
14757
14769
14779
14794
14809
14819
14834
14849
14859
14874
14889
14899
14914
14929
14939
14954
14969
14979
14994
15009
15019
15034
15049
15059
15074
15089
15099
15114
15129
15139
15154
15169
15179
15194
15209
15219
15234
15249
15259
15274
15289
15299
15314
15329
15339
15354
15369
15379
15394
15409
15419
15434
15449
15459
15474
15489
15497
15509
15521
15529
15541
15553
15563
15578
15593
15603
15618
15633
15643
15658
15673
15683
15698
15713
15723
15738
15753
15763
15778
15793
15803
15818
15833
15843
15858
15873
15883
15898
15913
15923
15938
15953
15963
15978
15993
16003
16018
16033
16043
16058
16073
16083
16098
16113
16123
16138
16153
16163
16178
16193
16203
16218
16233
16243
16258
16273
16281
16293
16305
16313
16325
16337
16347
16362
16377
16387
16402
16417
16427
16442
16457
16467
16482
16497
16507
16522
16537
16547
16562
16577
16587
16602
16617
16627
16642
16657
16667
16682
16697
16707
16722
16737
16747
16762
16777
16787
16802
16817
16827
16842
16857
16867
16882
16897
16907
16922
16937
16947
16962
16977
16987
17002
17017
17027
17042
17057
17065
17077
17089
17097
17109
17121
17131
17146
17161
17171
17186
17201
17211
17226
17241
17251
17266
17281
17291
17306
17321
17331
17346
17361
17371
17386
17401
17411
17426
17441
17451
17466
17481
17491
17506
17521
17531
17546
17561
17571
17586
17601
17611
17626
17641
17651
17666
17681
17691
17706
17721
17731
17746
17761
17771
17786
17801
17811
17826
17841
17849
17861
17873
17881
17893
17905
17915
17930
17945
17955
17970
17985
17995
18010
18025
18035
18050
18065
18075
18090
18105
18115
18130
18145
18155
18170
18185
18195
18210
18225
18235
18250
18265
18275
18290
18305
18315
18330
18345
18355
18370
18385
18395
18410
18425
18435
18450
18465
18475
18490
18505
18515
18530
18545
18555
18570
18585
18595
18610
18625
18633
18645
18657
18665
18677
18689
18699
18714
18729
18739
18754
18769
18779
18794
18809
18819
18834
18849
18859
18874
18889
18899
18914
18929
18939
18954
18969
18979
18994
19009
19019
19034
19049
19059
19074
19089
19099
19114
19129
19139
