ja = [ 
1
2
4
5
61
62
1
2
3
4
5
6
61
62
63
1
2
3
4
5
6
61
62
63
1
2
4
5
7
8
64
65
1
2
3
4
5
6
7
8
9
64
65
66
1
2
3
4
5
6
7
8
9
64
65
66
4
5
7
8
10
11
67
68
4
5
6
7
8
9
10
11
12
67
68
69
4
5
6
7
8
9
10
11
12
67
68
69
7
8
10
11
13
14
70
71
7
8
9
10
11
12
13
14
15
70
71
72
7
8
9
10
11
12
13
14
15
70
71
72
10
11
13
14
16
17
73
74
10
11
12
13
14
15
16
17
18
73
74
75
10
11
12
13
14
15
16
17
18
73
74
75
13
14
16
17
19
20
76
77
13
14
15
16
17
18
19
20
21
76
77
78
13
14
15
16
17
18
19
20
21
76
77
78
16
17
19
20
22
23
79
80
16
17
18
19
20
21
22
23
24
79
80
81
16
17
18
19
20
21
22
23
24
79
80
81
19
20
22
23
25
26
82
83
19
20
21
22
23
24
25
26
27
82
83
84
19
20
21
22
23
24
25
26
27
82
83
84
22
23
25
26
28
29
85
86
22
23
24
25
26
27
28
29
30
85
86
87
22
23
24
25
26
27
28
29
30
85
86
87
25
26
28
29
31
32
88
89
25
26
27
28
29
30
31
32
33
88
89
90
25
26
27
28
29
30
31
32
33
88
89
90
28
29
31
32
34
35
91
92
28
29
30
31
32
33
34
35
36
91
92
93
28
29
30
31
32
33
34
35
36
91
92
93
31
32
34
35
37
38
94
95
31
32
33
34
35
36
37
38
39
94
95
96
31
32
33
34
35
36
37
38
39
94
95
96
34
35
37
38
40
41
97
98
34
35
36
37
38
39
40
41
42
97
98
99
34
35
36
37
38
39
40
41
42
97
98
99
37
38
40
41
43
44
100
101
37
38
39
40
41
42
43
44
45
100
101
102
37
38
39
40
41
42
43
44
45
100
101
102
40
41
43
44
46
47
103
104
40
41
42
43
44
45
46
47
48
103
104
105
40
41
42
43
44
45
46
47
48
103
104
105
43
44
46
47
49
50
106
107
43
44
45
46
47
48
49
50
51
106
107
108
43
44
45
46
47
48
49
50
51
106
107
108
46
47
49
50
52
53
109
110
46
47
48
49
50
51
52
53
54
109
110
111
46
47
48
49
50
51
52
53
54
109
110
111
49
50
52
53
55
56
112
113
49
50
51
52
53
54
55
56
57
112
113
114
49
50
51
52
53
54
55
56
57
112
113
114
52
53
55
56
58
59
115
116
52
53
54
55
56
57
58
59
60
115
116
117
52
53
54
55
56
57
58
59
60
115
116
117
55
56
58
59
118
119
55
56
57
58
59
60
118
119
120
55
56
57
58
59
60
118
119
120
1
2
61
62
64
65
121
122
1
2
3
61
62
63
64
65
66
121
122
123
1
2
3
61
62
63
64
65
66
121
122
123
4
5
61
62
64
65
67
68
124
125
4
5
6
61
62
63
64
65
66
67
68
69
124
125
126
4
5
6
61
62
63
64
65
66
67
68
69
124
125
126
7
8
64
65
67
68
70
71
127
128
7
8
9
64
65
66
67
68
69
70
71
72
127
128
129
7
8
9
64
65
66
67
68
69
70
71
72
127
128
129
10
11
67
68
70
71
73
74
130
131
10
11
12
67
68
69
70
71
72
73
74
75
130
131
132
10
11
12
67
68
69
70
71
72
73
74
75
130
131
132
13
14
70
71
73
74
76
77
133
134
13
14
15
70
71
72
73
74
75
76
77
78
133
134
135
13
14
15
70
71
72
73
74
75
76
77
78
133
134
135
16
17
73
74
76
77
79
80
136
137
16
17
18
73
74
75
76
77
78
79
80
81
136
137
138
16
17
18
73
74
75
76
77
78
79
80
81
136
137
138
19
20
76
77
79
80
82
83
139
140
19
20
21
76
77
78
79
80
81
82
83
84
139
140
141
19
20
21
76
77
78
79
80
81
82
83
84
139
140
141
22
23
79
80
82
83
85
86
142
143
22
23
24
79
80
81
82
83
84
85
86
87
142
143
144
22
23
24
79
80
81
82
83
84
85
86
87
142
143
144
25
26
82
83
85
86
88
89
145
146
25
26
27
82
83
84
85
86
87
88
89
90
145
146
147
25
26
27
82
83
84
85
86
87
88
89
90
145
146
147
28
29
85
86
88
89
91
92
148
149
28
29
30
85
86
87
88
89
90
91
92
93
148
149
150
28
29
30
85
86
87
88
89
90
91
92
93
148
149
150
31
32
88
89
91
92
94
95
151
152
31
32
33
88
89
90
91
92
93
94
95
96
151
152
153
31
32
33
88
89
90
91
92
93
94
95
96
151
152
153
34
35
91
92
94
95
97
98
154
155
34
35
36
91
92
93
94
95
96
97
98
99
154
155
156
34
35
36
91
92
93
94
95
96
97
98
99
154
155
156
37
38
94
95
97
98
100
101
157
158
37
38
39
94
95
96
97
98
99
100
101
102
157
158
159
37
38
39
94
95
96
97
98
99
100
101
102
157
158
159
40
41
97
98
100
101
103
104
160
161
40
41
42
97
98
99
100
101
102
103
104
105
160
161
162
40
41
42
97
98
99
100
101
102
103
104
105
160
161
162
43
44
100
101
103
104
106
107
163
164
43
44
45
100
101
102
103
104
105
106
107
108
163
164
165
43
44
45
100
101
102
103
104
105
106
107
108
163
164
165
46
47
103
104
106
107
109
110
166
167
46
47
48
103
104
105
106
107
108
109
110
111
166
167
168
46
47
48
103
104
105
106
107
108
109
110
111
166
167
168
49
50
106
107
109
110
112
113
169
170
49
50
51
106
107
108
109
110
111
112
113
114
169
170
171
49
50
51
106
107
108
109
110
111
112
113
114
169
170
171
52
53
109
110
112
113
115
116
172
173
52
53
54
109
110
111
112
113
114
115
116
117
172
173
174
52
53
54
109
110
111
112
113
114
115
116
117
172
173
174
55
56
112
113
115
116
118
119
175
176
55
56
57
112
113
114
115
116
117
118
119
120
175
176
177
55
56
57
112
113
114
115
116
117
118
119
120
175
176
177
58
59
115
116
118
119
178
179
58
59
60
115
116
117
118
119
120
178
179
180
58
59
60
115
116
117
118
119
120
178
179
180
61
62
121
122
124
125
181
182
61
62
63
121
122
123
124
125
126
181
182
183
61
62
63
121
122
123
124
125
126
181
182
183
64
65
121
122
124
125
127
128
184
185
64
65
66
121
122
123
124
125
126
127
128
129
184
185
186
64
65
66
121
122
123
124
125
126
127
128
129
184
185
186
67
68
124
125
127
128
130
131
187
188
67
68
69
124
125
126
127
128
129
130
131
132
187
188
189
67
68
69
124
125
126
127
128
129
130
131
132
187
188
189
70
71
127
128
130
131
133
134
190
191
70
71
72
127
128
129
130
131
132
133
134
135
190
191
192
70
71
72
127
128
129
130
131
132
133
134
135
190
191
192
73
74
130
131
133
134
136
137
193
194
73
74
75
130
131
132
133
134
135
136
137
138
193
194
195
73
74
75
130
131
132
133
134
135
136
137
138
193
194
195
76
77
133
134
136
137
139
140
196
197
76
77
78
133
134
135
136
137
138
139
140
141
196
197
198
76
77
78
133
134
135
136
137
138
139
140
141
196
197
198
79
80
136
137
139
140
142
143
199
200
79
80
81
136
137
138
139
140
141
142
143
144
199
200
201
79
80
81
136
137
138
139
140
141
142
143
144
199
200
201
82
83
139
140
142
143
145
146
202
203
82
83
84
139
140
141
142
143
144
145
146
147
202
203
204
82
83
84
139
140
141
142
143
144
145
146
147
202
203
204
85
86
142
143
145
146
148
149
205
206
85
86
87
142
143
144
145
146
147
148
149
150
205
206
207
85
86
87
142
143
144
145
146
147
148
149
150
205
206
207
88
89
145
146
148
149
151
152
208
209
88
89
90
145
146
147
148
149
150
151
152
153
208
209
210
88
89
90
145
146
147
148
149
150
151
152
153
208
209
210
91
92
148
149
151
152
154
155
211
212
91
92
93
148
149
150
151
152
153
154
155
156
211
212
213
91
92
93
148
149
150
151
152
153
154
155
156
211
212
213
94
95
151
152
154
155
157
158
214
215
94
95
96
151
152
153
154
155
156
157
158
159
214
215
216
94
95
96
151
152
153
154
155
156
157
158
159
214
215
216
97
98
154
155
157
158
160
161
217
218
97
98
99
154
155
156
157
158
159
160
161
162
217
218
219
97
98
99
154
155
156
157
158
159
160
161
162
217
218
219
100
101
157
158
160
161
163
164
220
221
100
101
102
157
158
159
160
161
162
163
164
165
220
221
222
100
101
102
157
158
159
160
161
162
163
164
165
220
221
222
103
104
160
161
163
164
166
167
223
224
103
104
105
160
161
162
163
164
165
166
167
168
223
224
225
103
104
105
160
161
162
163
164
165
166
167
168
223
224
225
106
107
163
164
166
167
169
170
226
227
106
107
108
163
164
165
166
167
168
169
170
171
226
227
228
106
107
108
163
164
165
166
167
168
169
170
171
226
227
228
109
110
166
167
169
170
172
173
229
230
109
110
111
166
167
168
169
170
171
172
173
174
229
230
231
109
110
111
166
167
168
169
170
171
172
173
174
229
230
231
112
113
169
170
172
173
175
176
232
233
112
113
114
169
170
171
172
173
174
175
176
177
232
233
234
112
113
114
169
170
171
172
173
174
175
176
177
232
233
234
115
116
172
173
175
176
178
179
235
236
115
116
117
172
173
174
175
176
177
178
179
180
235
236
237
115
116
117
172
173
174
175
176
177
178
179
180
235
236
237
118
119
175
176
178
179
238
239
118
119
120
175
176
177
178
179
180
238
239
240
118
119
120
175
176
177
178
179
180
238
239
240
121
122
181
182
184
185
241
242
121
122
123
181
182
183
184
185
186
241
242
243
121
122
123
181
182
183
184
185
186
241
242
243
124
125
181
182
184
185
187
188
244
245
124
125
126
181
182
183
184
185
186
187
188
189
244
245
246
124
125
126
181
182
183
184
185
186
187
188
189
244
245
246
127
128
184
185
187
188
190
191
247
248
127
128
129
184
185
186
187
188
189
190
191
192
247
248
249
127
128
129
184
185
186
187
188
189
190
191
192
247
248
249
